$ANSIBLE_VAULT;1.1;AES256
35363061623237346536346565383636353938653531313232656233373261313530346666396331
3230623332653137663263323337656362653663373036650a343865333562663962343165346264
32656436303666633530653863653433373265363363616162346562363664633134643131343666
3566306434383661630a306136363239303966633966363437343761306362663564366434393235
36393230653237653730316133353437343136643835303162393332616461646261623337653130
66396533616532336362626333366335386566646536333930653561623032313536343730396265
61356239333539663538633464356466343730306164393738353239353932323161363433396634
33396362663663306366333236366239643337646263636563646163386134626133313139303066
35346637396535656531633439386231393638323131333330663564376663323763376235383531
61333137363535306330666230643962626134353061666535393966376463366330373530316165
61656436333036376436393135356138336130323239306163663134663162393566313261363436
38356330663765333633356436393437363330333738353666333363313631623362643835316661
30626130383033346366396432653730393833616463376239656466643766336563643131663635
3136356631626265643331643664316232356433623464316266
