$ANSIBLE_VAULT;1.1;AES256
31383161643238636234376462643664326236313137363137333565313237343263643234303833
6338363337373661656533313831396531653762343463610a303535383663343637366239383264
63623464363831613237333161633831656533326365313562303839303639313364633561393661
3263643366323861660a393161663165396432343735393434376637326265333237373964313031
34333966303937656630303230333634623462343334393466383338343061363331396532346534
66336233396235333030613236646232666265373662336237313834336339653238383565366337
32323132376435313236333561663730316663323761356136303764326562393566393661396330
34666362323530346263363034303961306461393033336333653433633537653363336639626234
36666262373466353161613732633437326338356235363831643561393438363064363261643138
35613030653063386230653838343865663862366236623663663166363935356431643762653230
65623832383563653366373432303739336134303636376461663566343738306665343037643262
34373264633534316633383564346331393263313561376532653432633365356264653764326639
63363466316366306663363532396331613433386164366365646533303532353535316463313334
38336136646662626161326237623337386462623666323836313338636430323736643262383436
66343634656339333231356465353961333534386238363538643539336538376335633964326331
65633839363961643762333038306432393961346133333539393861636230333134383037383639
36343366633335633933663864343563643139326538393936333332323264643738643830346662
36303937346635323739373938613865343161336134356434336665326437313238393264323134
65313239346336626534373439373564356561383532666563333632623330363338663863393333
63646235313932396636356333363765303130613833626261363564636634333434326138373264
37353265636637366638636564303132656364616365363734376537646430306531396365633935
39323839656665636465646166353337303130346361656334633662643033303234393738306537
31636663396663366331653261656233373330393635366438633266616362303862363435646265
65363934383866636337
