$ANSIBLE_VAULT;1.1;AES256
39666363353036366539363636663462326362636231623965383132653161383835386663346339
6434333265636634646635636537303864346635663538320a313831353234336562343938663462
38396161653235313231333061646638616335353835303631383338313033376536363531326639
6537666134643738380a306537653231663838363336306434366334313431376535373365653235
32643262663636653138323337303832663764303235333066306335363631666638633735363861
66623965653233376633383761353236346162313165363137356132383166656435623164313062
34633061663562353864636232336235663938316164666632363461323663386663366532663865
38646166346237333735313765356137323435633832623464356439333365396664383836376530
30303130376361396662343363363238616536373966343036363231313633303466306666303536
31343961626434303230373333343635346631356335363235373431383239653231663965313066
65333731356366393531623264633565343432343537633262366531643565626236356632663931
37373262613162353530326365306437303034633366346132613564623662316562653730316464
64333635633566613539646663626461326532306435623435613330616339373330666164316231
61633631613536343437313563326435633837363135653838666364663666333033383366353432
39386531353866393032613033393538613564663433363462653732363862646531353037383465
65316232396662636165306561343730383235373563303232383233663236636430323939613665
34383932366635623136316232653134376662386535353062316639613661666461313562393966
34363633363161636336323862666665356239636538356137336566303863613131623536343862
62323238643338376562356437626638363138363862333432323038393163373638333162346466
32303032306233316164333334343865333962613138366433646334353131333862623363376262
65393736653961383834363036373665653230373330356533643333326661626665646661393838
65656131343565393733303238373962373138613434613930336238363461353438646538356130
666562666233366663616662393031383135
